0.0 0.0 0.034057348967 0.0 0 0 0 1 
0.041666666666666664 0.0 0.034057348967 0.0 0 0 0 1 
0.08333333333333333 0.0 0.034057348967 0.0 0 0 0 1 
0.125 0.0 0.034057348967 0.0 0 0 0 1 
0.16666666666666666 0.0 0.034057348967 0.0 0 0 0 1 
0.20833333333333334 0.0 0.034057348967 0.0 0 0 0 1 
0.25 0.0 0.034057348967 0.0 0 0 0 1 
0.2916666666666667 0.0 0.034057348967 0.0 0 0 0 1 
0.3333333333333333 0.0 0.034057348967 0.0 0 0 0 1 
0.375 0.0 0.034057348967 0.0 0 0 0 1 
0.4166666666666667 0.0 0.034057348967 0.0 0 0 0 1 
0.4583333333333333 0.0 0.034057348967 0.0 0 0 0 1 
0.5 0.0 0.034057348967 0.0 0 0 0 1 
0.5416666666666666 0.0 0.034057348967 0.0 0 0 0 1 
0.5833333333333334 0.0 0.034057348967 0.0 0 0 0 1 
0.625 0.0 0.034057348967 0.0 0 0 0 1 
0.6666666666666666 0.0 0.034057348967 0.0 0 0 0 1 
0.7083333333333334 0.0 0.034057348967 0.0 0 0 0 1 
0.75 0.0 0.034057348967 0.0 0 0 0 1 
0.7916666666666666 0.0 0.034057348967 0.0 0 0 0 1 
0.8333333333333334 0.0 0.034057348967 0.0 0 0 0 1 
0.875 0.0 0.034057348967 0.0 0 0 0 1 
0.9166666666666666 0.0 0.034057348967 0.0 0 0 0 1 
0.9583333333333334 0.0 0.034057348967 0.0 0 0 0 1 
1.0 0.0 0.034057348967 0.0 0 0 0 1 
1.0416666666666667 0.0 0.034057348967 0.0 0 0 0 1 
1.0833333333333333 0.0 0.034057348967 0.0 0 0 0 1 
1.125 0.0 0.034057348967 0.0 0 0 0 1 
1.1666666666666667 0.0 0.034057348967 0.0 0 0 0 1 
1.2083333333333333 0.0 0.034057348967 0.0 0 0 0 1 
1.25 0.0 0.034057348967 0.0 0 0 0 1 
1.2916666666666667 0.0 0.034057348967 0.0 0 0 0 1 
1.3333333333333333 0.0 0.034057348967 0.0 0 0 0 1 
1.375 0.0 0.034057348967 0.0 0 0 0 1 
1.4166666666666667 0.0 0.034057348967 0.0 0 0 0 1 
1.4583333333333333 0.0 0.034057348967 0.0 0 0 0 1 
1.5 0.0 0.034057348967 0.0 0 0 0 1 
1.5416666666666667 0.0 0.034057348967 0.0 0 0 0 1 
1.5833333333333333 0.0 0.034057348967 0.0 0 0 0 1 
1.625 0.0 0.034057348967 0.0 0 0 0 1 
1.6666666666666667 0.0 0.034057348967 0.0 0 0 0 1 
1.7083333333333333 0.0 0.034057348967 0.0 0 0 0 1 
1.75 0.0 0.034057348967 0.0 0 0 0 1 
1.7916666666666667 0.0 0.034057348967 0.0 0 0 0 1 
1.8333333333333333 0.0 0.034057348967 0.0 0 0 0 1 
1.875 0.0 0.034057348967 0.0 0 0 0 1 
1.9166666666666667 0.0 0.034057348967 0.0 0 0 0 1 
1.9583333333333333 0.0 0.034057348967 0.0 0 0 0 1 
2.0 0.0 0.034057348967 0.0 0 0 0 1 
2.0416666666666665 0.0 0.034057348967 0.0 0 0 0 1 
2.0833333333333335 0.0 0.034057348967 0.0 0 0 0 1 
2.125 0.0 0.034057348967 0.0 0 0 0 1 
2.1666666666666665 0.0 0.034057348967 0.0 0 0 0 1 
2.2083333333333335 0.0 0.034057348967 0.0 0 0 0 1 
2.25 0.0 0.034057348967 0.0 0 0 0 1 
2.2916666666666665 0.0 0.034057348967 0.0 0 0 0 1 
2.3333333333333335 0.0 0.034057348967 0.0 0 0 0 1 
2.375 0.0 0.034057348967 0.0 0 0 0 1 
2.4166666666666665 0.0 0.034057348967 0.0 0 0 0 1 
2.4583333333333335 0.0 0.034057348967 0.0 0 0 0 1 
2.5 0.0 0.034057348967 0.0 0 0 0 1 
2.5416666666666665 0.0 0.034057348967 0.0 0 0 0 1 
2.5833333333333335 0.0 0.034057348967 0.0 0 0 0 1 
2.625 0.0 0.034057348967 0.0 0 0 0 1 
2.6666666666666665 0.0 0.034057348967 0.0 0 0 0 1 
2.7083333333333335 0.0 0.034057348967 0.0 0 0 0 1 
2.75 0.0 0.034057348967 0.0 0 0 0 1 
2.7916666666666665 0.0 0.034057348967 0.0 0 0 0 1 
2.8333333333333335 0.0 0.034057348967 0.0 0 0 0 1 
2.875 0.0 0.034057348967 0.0 0 0 0 1 
2.9166666666666665 0.0 0.034057348967 0.0 0 0 0 1 
2.9583333333333335 0.0 0.034057348967 0.0 0 0 0 1 
3.0 0.0 0.034057348967 0.0 0 0 0 1 
3.0416666666666665 0.0 0.034057348967 0.0 0 0 0 1 
3.0833333333333335 0.0 0.034057348967 0.0 0 0 0 1 
3.125 0.0 0.034057348967 0.0 0 0 0 1 
3.1666666666666665 0.0 0.034057348967 0.0 0 0 0 1 
3.2083333333333335 0.0 0.034057348967 0.0 0 0 0 1 
3.25 0.0 0.034057348967 0.0 0 0 0 1 
3.2916666666666665 0.0 0.034057348967 0.0 0 0 0 1 
3.3333333333333335 0.0 0.034057348967 0.0 0 0 0 1 
3.375 0.0 0.034057348967 0.0 0 0 0 1 
3.4166666666666665 0.0 0.034057348967 0.0 0 0 0 1 
3.4583333333333335 0.0 0.034057348967 0.0 0 0 0 1 
3.5 0.0 0.034057348967 0.0 0 0 0 1 
3.5416666666666665 0.0 0.034057348967 0.0 0 0 0 1 
3.5833333333333335 0.0 0.034057348967 0.0 0 0 0 1 
3.625 0.0 0.034057348967 0.0 0 0 0 1 
3.6666666666666665 0.0 0.034057348967 0.0 0 0 0 1 
3.7083333333333335 0.0 0.034057348967 0.0 0 0 0 1 
3.75 0.0 0.034057348967 0.0 0 0 0 1 
3.7916666666666665 0.0 0.033742640167 0.0 0 0 0 1 
3.8333333333333335 0.0 0.032793737948 0.0 0 0 0 1 
3.875 0.0 0.031205164269 0.0 0 0 0 1 
3.9166666666666665 0.0 0.028974058107 0.0 0 0 0 1 
3.9583333333333335 0.0 0.026100646704 0.0 0 0 0 1 
4.0 0.0 0.022588705644 0.0 0 0 0 1 
4.041666666666667 0.0 0.018446078524 0.0 0 0 0 1 
4.083333333333333 0.0 0.013685172424 0.0 0 0 0 1 
4.125 0.0 0.008323440328 0.0 0 0 0 1 
4.166666666666667 0.0 0.002383818384 0.0 0 0 0 1 
4.208333333333333 0.0 -0.004104893655 0.0 0 0 0 1 
4.25 0.0 -0.011107757688 0.0 0 0 0 1 
4.291666666666667 0.0 -0.018583614379 0.0 0 0 0 1 
4.333333333333333 0.0 -0.026485014707 0.0 0 0 0 1 
4.375 0.0 -0.034758538008 0.0 0 0 0 1 
4.416666666666667 0.0 -0.043345153332 0.0 0 0 0 1 
4.458333333333333 0.0 -0.052180904895 0.0 0 0 0 1 
4.5 0.0 -0.061197709292 0.0 0 0 0 1 
4.541666666666667 0.0 -0.070324413478 0.0 0 0 0 1 
4.583333333333333 0.0 -0.079487964511 0.0 0 0 0 1 
4.625 0.0 -0.088614679873 0.0 0 0 0 1 
4.666666666666667 0.0 -0.09763147682 0.0 0 0 0 1 
4.708333333333333 0.0 -0.106467224658 0.0 0 0 0 1 
4.75 0.0 -0.115053839982 0.0 0 0 0 1 
4.791666666666667 0.0 -0.123327389359 0.0 0 0 0 1 
4.833333333333333 0.0 -0.131228774786 0.0 0 0 0 1 
4.875 0.0 -0.138704627752 0.0 0 0 0 1 
4.916666666666667 0.0 -0.145707517862 0.0 0 0 0 1 
4.958333333333333 0.0 -0.152196213603 0.0 0 0 0 1 
5.0 0.0 -0.158135831356 0.0 0 0 0 1 
5.041666666666667 0.0 -0.163497537374 0.0 0 0 0 1 
5.083333333333333 0.0 -0.168258458376 0.0 0 0 0 1 
5.125 0.0 -0.172401100397 0.0 0 0 0 1 
5.166666666666667 0.0 -0.175913065672 0.0 0 0 0 1 
5.208333333333333 0.0 -0.17878639698 0.0 0 0 0 1 
5.25 0.0 -0.181017547846 0.0 0 0 0 1 
5.291666666666667 0.0 -0.182606101036 0.0 0 0 0 1 
5.333333333333333 0.0 -0.183555066586 0.0 0 0 0 1 
5.375 0.0 -0.183869734406 0.0 0 0 0 1 
5.416666666666667 0.0 -0.183869734406 0.0 0 0 0 1 
5.458333333333333 0.0 -0.183869734406 0.0 0 0 0 1 
5.5 0.0 -0.183869734406 0.0 0 0 0 1 
5.541666666666667 0.0 -0.183869734406 0.0 0 0 0 1 
5.583333333333333 0.0 -0.183869734406 0.0 0 0 0 1 
5.625 0.0 -0.183869734406 0.0 0 0 0 1 
5.666666666666667 0.0 -0.183869734406 0.0 0 0 0 1 
5.708333333333333 0.0 -0.183869734406 0.0 0 0 0 1 
5.75 0.0 -0.183869734406 0.0 0 0 0 1 
5.791666666666667 0.0 -0.183869734406 0.0 0 0 0 1 
5.833333333333333 0.0 -0.183869734406 0.0 0 0 0 1 
5.875 0.0 -0.183869734406 0.0 0 0 0 1 
5.916666666666667 0.0 -0.183869734406 0.0 0 0 0 1 
5.958333333333333 0.0 -0.183869734406 0.0 0 0 0 1 
6.0 0.0 -0.183869734406 0.0 0 0 0 1 
6.041666666666667 0.0 -0.183869734406 0.0 0 0 0 1 
6.083333333333333 0.0 -0.183869734406 0.0 0 0 0 1 
6.125 0.0 -0.183869734406 0.0 0 0 0 1 
6.166666666666667 0.0 -0.183869734406 0.0 0 0 0 1 
6.208333333333333 0.0 -0.183869734406 0.0 0 0 0 1 
6.25 0.0 -0.183869734406 0.0 0 0 0 1 
6.291666666666667 0.0 -0.183869734406 0.0 0 0 0 1 
6.333333333333333 0.0 -0.183869734406 0.0 0 0 0 1 
6.375 0.0 -0.183869734406 0.0 0 0 0 1 
6.416666666666667 0.0 -0.183869734406 0.0 0 0 0 1 
6.458333333333333 0.0 -0.183869734406 0.0 0 0 0 1 
6.5 0.0 -0.183869734406 0.0 0 0 0 1 
6.541666666666667 0.0 -0.183869734406 0.0 0 0 0 1 
6.583333333333333 0.0 -0.183869734406 0.0 0 0 0 1 
6.625 0.0 -0.183869734406 0.0 0 0 0 1 
6.666666666666667 0.0 -0.183869734406 0.0 0 0 0 1 
6.708333333333333 0.0 -0.183869734406 0.0 0 0 0 1 
6.75 0.0 -0.183869734406 0.0 0 0 0 1 
6.791666666666667 0.0 -0.183869734406 0.0 0 0 0 1 
6.833333333333333 0.0 -0.183869734406 0.0 0 0 0 1 
6.875 0.0 -0.183869734406 0.0 0 0 0 1 
6.916666666666667 0.0 -0.183869734406 0.0 0 0 0 1 
6.958333333333333 0.0 -0.183869734406 0.0 0 0 0 1 
7.0 0.0 -0.183869734406 0.0 0 0 0 1 
7.041666666666667 0.0 -0.183869734406 0.0 0 0 0 1 
7.083333333333333 0.0 -0.183869734406 0.0 0 0 0 1 
7.125 0.0 -0.183869734406 0.0 0 0 0 1 
7.166666666666667 0.0 -0.183869734406 0.0 0 0 0 1 
7.208333333333333 0.0 -0.183869734406 0.0 0 0 0 1 
7.25 0.0 -0.183869734406 0.0 0 0 0 1 
7.291666666666667 0.0 -0.183869734406 0.0 0 0 0 1 
7.333333333333333 0.0 -0.183869734406 0.0 0 0 0 1 
7.375 0.0 -0.183869734406 0.0 0 0 0 1 
7.416666666666667 0.0 -0.183869734406 0.0 0 0 0 1 
7.458333333333333 0.0 -0.183869734406 0.0 0 0 0 1 
7.5 0.0 -0.183869734406 0.0 0 0 0 1 
7.541666666666667 0.0 -0.183869734406 0.0 0 0 0 1 
7.583333333333333 0.0 -0.183869734406 0.0 0 0 0 1 
7.625 0.0 -0.183869734406 0.0 0 0 0 1 
7.666666666666667 0.0 -0.183869734406 0.0 0 0 0 1 
7.708333333333333 0.0 -0.183869734406 0.0 0 0 0 1 
7.75 0.0 -0.183869734406 0.0 0 0 0 1 
7.791666666666667 0.0 -0.183869734406 0.0 0 0 0 1 
7.833333333333333 0.0 -0.183869734406 0.0 0 0 0 1 
7.875 0.0 -0.183869734406 0.0 0 0 0 1 
7.916666666666667 0.0 -0.183869734406 0.0 0 0 0 1 
7.958333333333333 0.0 -0.183869734406 0.0 0 0 0 1 
8.0 0.0 -0.183869734406 0.0 0 0 0 1 
8.041666666666666 0.0 -0.183869734406 0.0 0 0 0 1 
8.083333333333334 0.0 -0.183869734406 0.0 0 0 0 1 
8.125 0.0 -0.183869734406 0.0 0 0 0 1 
8.166666666666666 0.0 -0.183869734406 0.0 0 0 0 1 
8.208333333333334 0.0 -0.183869734406 0.0 0 0 0 1 
8.25 0.0 -0.183869734406 0.0 0 0 0 1 
8.291666666666666 0.0 -0.183869734406 0.0 0 0 0 1 
8.333333333333334 0.0 -0.183869734406 0.0 0 0 0 1 
8.375 0.0 -0.183869734406 0.0 0 0 0 1 
8.416666666666666 0.0 -0.183869734406 0.0 0 0 0 1 
8.458333333333334 0.0 -0.183869734406 0.0 0 0 0 1 
8.5 0.0 -0.183869734406 0.0 0 0 0 1 
8.541666666666666 0.0 -0.183869734406 0.0 0 0 0 1 
8.583333333333334 0.0 -0.183869734406 0.0 0 0 0 1 
8.625 0.0 -0.183869734406 0.0 0 0 0 1 
8.666666666666666 0.0 -0.183869734406 0.0 0 0 0 1 
8.708333333333334 0.0 -0.183869734406 0.0 0 0 0 1 
8.75 0.0 -0.183869734406 0.0 0 0 0 1 
8.791666666666666 0.0 -0.183869734406 0.0 0 0 0 1 
8.833333333333334 0.0 -0.183869734406 0.0 0 0 0 1 
8.875 0.0 -0.183869734406 0.0 0 0 0 1 
8.916666666666666 0.0 -0.183869734406 0.0 0 0 0 1 
8.958333333333334 0.0 -0.183869734406 0.0 0 0 0 1 
9.0 0.0 -0.183869734406 0.0 0 0 0 1 
9.041666666666666 0.0 -0.183869734406 0.0 0 0 0 1 
9.083333333333334 0.0 -0.183869734406 0.0 0 0 0 1 
9.125 0.0 -0.183869734406 0.0 0 0 0 1 
9.166666666666666 0.0 -0.183869734406 0.0 0 0 0 1 
9.208333333333334 0.0 -0.183869734406 0.0 0 0 0 1 
9.25 0.0 -0.183869734406 0.0 0 0 0 1 
9.291666666666666 0.0 -0.183869734406 0.0 0 0 0 1 
9.333333333333334 0.0 -0.183869734406 0.0 0 0 0 1 
9.375 0.0 -0.183869734406 0.0 0 0 0 1 
9.416666666666666 0.0 -0.183869734406 0.0 0 0 0 1 
9.458333333333334 0.0 -0.183869734406 0.0 0 0 0 1 
9.5 0.0 -0.183869734406 0.0 0 0 0 1 
9.541666666666666 0.0 -0.183869734406 0.0 0 0 0 1 
9.583333333333334 0.0 -0.183869734406 0.0 0 0 0 1 
9.625 0.0 -0.183869734406 0.0 0 0 0 1 
9.666666666666666 0.0 -0.183869734406 0.0 0 0 0 1 
9.708333333333334 0.0 -0.183869734406 0.0 0 0 0 1 
9.75 0.0 -0.183869734406 0.0 0 0 0 1 
9.791666666666666 0.0 -0.183869734406 0.0 0 0 0 1 
9.833333333333334 0.0 -0.183869734406 0.0 0 0 0 1 
9.875 0.0 -0.183869734406 0.0 0 0 0 1 
9.916666666666666 0.0 -0.183869734406 0.0 0 0 0 1 
9.958333333333334 0.0 -0.183869734406 0.0 0 0 0 1 
10.0 0.0 -0.183869734406 0.0 0 0 0 1 
10.041666666666666 0.0 -0.183869734406 0.0 0 0 0 1 
10.083333333333334 0.0 -0.183869734406 0.0 0 0 0 1 
10.125 0.0 -0.183869734406 0.0 0 0 0 1 
10.166666666666666 0.0 -0.183869734406 0.0 0 0 0 1 
10.208333333333334 0.0 -0.183869734406 0.0 0 0 0 1 
10.25 0.0 -0.183869734406 0.0 0 0 0 1 
10.291666666666666 0.0 -0.183869734406 0.0 0 0 0 1 
10.333333333333334 0.0 -0.183869734406 0.0 0 0 0 1 
10.375 0.0 -0.183869734406 0.0 0 0 0 1 
