1526
3064
514
521
522
3087
530
531
3091
3096
3099
3100
3101
3108
550
3112
3113
3114
2604
45
46
47
2605
2097
2608
2609
2610
2757
2758
3119
3120
3123
3124
3125
575
576
3269
2628
3270
3144
585
3145
2635
2636
3146
3271
2640
82
83
1620
2643
2644
2645
2646
2647
2649
2650
604
2651
3158
3159
610
611
1634
3171
4195
615
616
4197
3178
3182
3184
3185
3186
4209
3189
3192
3193
3194
637
638
127
128
639
3199
3205
135
136
137
3209
3210
1165
1166
1677
144
145
657
658
3214
149
150
2709
2710
2711
2712
2713
2714
2716
2717
3223
3224
3225
2722
2723
2724
3233
3234
1191
1192
1193
1194
2727
2728
2730
2732
2733
2734
2740
2741
2742
2743
184
185
186
2744
2746
2747
2748
2749
3264
2753
2754
1219
2755
2756
1222
1223
200
201
202
203
1228
205
206
1229
1230
3272
3276
3277
3278
213
214
215
3279
1241
3285
219
220
221
1245
1246
225
226
227
228
229
230
2788
2790
2791
234
235
236
2792
238
239
240
241
2793
2794
2795
245
246
247
2796
2800
2801
251
252
253
1278
255
256
1279
1280
259
260
261
262
2817
2818
266
267
268
269
270
271
272
273
1292
1293
2802
2828
2829
2803
2833
2834
2835
2836
2804
2837
2840
2843
2844
1313
1314
1315
1316
1827
1828
1829
2806
2855
2807
3215
3378
3216
2874
1340
1341
318
319
320
1342
1343
2811
3220
3226
1385
1386
3227
1389
1390
1391
1400
891
892
1409
1413
1416
1417
3977
1419
2826
2827
3235
3236
3237
3238
2984
442
443
444
446
447
448
451
452
2847
462
463
470
471
472
474
475
476
477
987
988
989
993
994
995
485
1000
489
490
1013
492
1005
1006
496
497
498
499
500
501
502
503
504
505
1011
1012
508
509
510
511
